***** Eval results *****
            Model: gru *****
            Pretrained: False,  *****
            learning_rate: 3e-05 *****
 intent_acc = 0.7010078387458006
 loss = 3.7786516000382178
 mean_intent_slot = 0.709451287793953
 semantic_frame_acc = 0.3639417693169093
 slot_accuracy = 0.4165733482642777
 slot_f1 = 0.7178947368421053
 slot_precision = 0.7186512118018967
 slot_recall = 0.7171398527865405
