***** Eval results *****
 intent_acc = 0.698
 loss = 4.03717155790329
 mean_intent_slot = 0.7261697558105324
 semantic_frame_acc = 0.362
 slot_f1 = 0.754339511621065
 slot_precision = 0.7603795966785291
 slot_recall = 0.7483946293053123
